
# Range Ambient Diffuse         Specular        Cut
#
  0,32  0,0,0   0,162,160       255,255,255     0.75    # Aqua Glaze
 32,32  0,0,0   65,204,77       255,255,255     0.75    # Green Plastic  
 64,32  0,0,0   130,0,91        255,255,255     0.75    # Plum Plastic
 96,32  0,0,0   152,82,0        255,255,255     0.75    # Old Gold
128,32  0,0,0   166,66,0        255,255,255     0.75    # Orange
160,32  0,0,0   204,204,189     255,255,255     0.75    # White Paint
192,32  0,0,0   166,0,0         255,255,255     0.75    # Red Plastic
224,32  0,0,0   39,42,79        255,255,255     0.75    # Blue Metallic
